Id,SalePrice
2658,95375.51229496206
2718,155469.27801911952
2414,206150.7872167982
1989,97663.88981996659
625,172125.32854823355
333,92868.19600925485
1327,107519.03496955421
858,155579.42832200017
95,184840.7856793641
1568,166868.96136648968
2482,146292.0863631806
1364,126007.29257359794
2584,146396.1361785273
818,285994.50783973286
2673,140396.80645580994
2089,113784.93209192889
1297,144583.95877937015
790,117941.95552392757
2616,191504.3690161829
720,181146.78833517016
222,153189.55107662766
557,125646.80668338088
1148,188985.15279377237
2766,36656.46470646022
534,182301.50863227044
1452,126801.30444350722
630,116578.8333477843
2648,125827.32110264775
125,161604.0133122425
1904,73680.24155315178
1670,111438.57174059667
756,108253.67557899181
717,216989.21212578207
1032,147165.20934266635
852,206299.8645608544
1731,163384.26668464163
2639,110310.25684524866
2071,93849.84985054364
1267,128965.80578042667
1851,176558.06712363078
567,160367.21389150442
2439,207280.44174867825
1898,151076.2837130605
647,147237.47548776297
2256,203333.68652962733
979,92330.80463126306
1444,212178.09823888133
2485,128000.04529840281
157,131243.27724761568
88,122277.23116722124
2003,108044.15096953523
186,207039.79787390062
1425,238011.9540891911
2695,132132.81799776174
738,102958.46074720818
395,160709.98433488514
1353,178673.13682910774
1878,136118.16000566166
390,155840.82759848132
1456,231269.4306636626
1103,341341.0428392012
1387,142789.45916130723
2070,137962.87291810798
1199,167113.77286093376
2479,165915.5588234407
501,330849.02482820075
2362,105020.23355955425
1718,198349.70397211594
2188,99169.26887905943
1483,142869.49605983795
2557,92148.01437052076
437,358440.85165391467
2224,191606.44322505148
1628,160592.43016176467
397,146147.3214505
587,182906.392742908
971,131696.26922921735
2611,137553.96667690462
1887,101714.54931346735
2399,383145.9023613504
2148,193304.00328153203
304,110092.69675431061
1997,108735.89550295321
2817,111017.6835951602
1431,216006.42699563442
427,370443.71859662625
263,127108.54310838474
598,166611.18127990735
2895,254675.19934607713
687,135073.671033594
1822,134678.53653871827
2191,102411.56488547454
179,121522.18110833722
1009,196079.5299876287
2010,137351.5767288165
1991,117551.59570267037
1411,170835.49939301965
1721,220934.17972841804
1144,185941.05101366702
593,208706.34986688173
575,333413.1409506287
1249,162437.7061993884
1604,132888.40238635588
1064,679851.5807269837
1923,150717.0284248301
1988,112151.42698289403
2325,169907.76126388906
114,201626.8614727366
2700,165699.65524272318
217,140803.7405104571
343,171910.18071823948
386,217805.24331622323
2005,113721.36937354032
2908,153776.08834571534
1814,214567.0602147521
2446,556565.2635317291
208,126328.59675830402
1679,111169.96472035068
822,346166.4817240307
6,201370.97704264123
1781,447296.9269730815
2397,300349.90992877586
2340,313004.0133957683
1618,178641.19302676924
2843,113389.42139422183
1061,378768.96045206836
2786,131705.49966712063
1935,137158.66499655682
1341,98893.99333756795
521,279882.6885273952
2136,132179.64024351063
996,210674.81695545887
227,147592.37237670305
135,178693.29022421094
1167,170176.41395590568
294,229708.94945253496
1776,198891.69343002964
540,154988.421909378
1717,200377.52843064157
2303,133900.88888905465
116,169239.7585411406
127,139967.12082053043
1371,156140.22839100607
1014,258975.8054875664
1507,113055.3593464397
702,111405.82265489228
750,140563.8160589682
261,151517.77484140356
1559,59477.149652564956
577,207874.9325465679
2812,194386.5111200443
2080,151284.71643077978
1368,117624.03629617569
2376,123953.05017357934
659,100196.1249927589
1235,139822.20507443967
332,81265.8375768846
1917,137555.048965442
2094,256456.91372495794
1460,264907.9273391061
1471,223053.33919446738
1509,126570.46551071049
1922,134988.60787276935
433,661287.6445540955
460,248429.04399441977
1116,234866.658626881
1137,159354.55664319044
53,164712.40797032462
2354,270926.75855127943
1475,186574.77234056758
1761,674341.9506150711
842,142450.35304421437
2739,171967.94353884048
2509,147465.1897718861
1007,196416.59032874988
2610,179605.22558027355
1952,92557.71350120881
2719,155441.60633487676
2921,88527.72254026368
1966,143780.9614367858
292,100022.51006919719
1204,184570.6529786368
1829,255128.65775653248
2419,184011.62099666108
391,148881.59594788865
798,110771.673371961
481,196102.57066729825
193,199322.60737411544
555,120360.62469227675
899,63407.90470884996
2357,178425.73110598442
328,116775.13444336773
1356,115193.72104160103
1154,107477.22158563836
1730,170937.1155118684
2249,163156.034558509
1119,284907.1743682596
2856,134731.48158706614
1394,133835.1540780269
2587,124882.35235231702
61,323902.7565898819
2661,181927.70162356045
2711,133614.01568697195
1147,171798.4679476894
757,121919.8468111832
2623,110486.50133685624
2378,142253.54513253263
1413,135116.28682963652
1722,206975.40876668366
1112,229464.40698815626
1623,205474.0324906287
1201,179925.913523544
1513,123665.0205525594
957,475253.5226310733
1171,261680.32857109103
1145,179399.57621719863
2726,237094.86035084992
703,141329.69360227266
760,96702.81343929635
1964,149966.6641943416
2512,166865.74514322932
159,147408.76543783612
1281,158088.13250672203
468,181957.59149192632
290,118388.16249436606
665,94751.32654751536
1463,239180.07155860096
1792,222648.65280686374
923,159117.4233935315
500,263843.92620986677
1408,163853.54953209113
331,87361.6384330269
170,120417.22450803073
2192,98909.19605366712
2571,316395.36679204943
2314,173288.3156216212
2647,98496.17772415743
422,551121.462940592
2457,355543.20766802254
1838,197445.50141869506
2805,244450.5032498517
1645,150936.39263703386
1711,288625.2705911601
2825,240866.8045226641
322,429710.36925554276
2103,252779.42399564415
342,109336.93259936747
600,131113.47515723598
488,178094.0420046799
1725,305940.9176767646
2246,297737.6412706287
2847,151125.03954772477
806,225299.40697412138
530,236795.17796546777
963,190034.3791530016
2678,92373.28726939627
171,86059.53404230895
2401,405174.8175044648
805,222979.95858557927
2259,227499.3231021094
1748,181887.96385994798
1361,138269.00608720674
1677,111783.4369076007
1406,143201.2195859924
2322,245610.4160922224
688,148283.08050417947
143,137590.80468292529
804,205413.67617417505
1214,163232.1439488918
2828,141641.69909753714
1999,145201.4447723542
2467,202222.27263164474
2665,137699.82060130872
1538,394083.2773969419
398,128666.39806879777
2822,135121.73796235817
2157,134505.37100755557
1856,190608.61107842406
1269,109437.41983711818
2570,116409.27638862163
2320,226421.29947282613
1517,138778.58147209964
2304,138915.8699010236
1312,98982.18229925452
2012,136958.5600132418
506,239494.93026432203
2865,231096.00924048707
2367,96404.3872927375
554,78219.60356373894
238,122154.18275015317
1954,121743.31878498616
2488,116563.27139646249
2291,77712.02299057462
1969,115489.86308531214
2725,187265.82751591256
1482,137380.4633659526
2763,190117.5561552012
503,264695.4584722673
1584,242338.3698463408
1531,136277.48402133887
2210,169952.99028020736
459,332365.4275944499
556,131292.80969869395
1347,113750.07740619915
1290,79400.72496913825
1388,104898.38469044206
1571,335516.330321768
2754,197628.61183249883
765,126016.22151444035
2494,125078.62451548979
2870,261391.93964102492
7,216631.22091238757
1114,234466.9056270883
2418,264345.60081691836
291,48461.64225883561
18,336424.6954014499
39,393639.30204606673
1001,241823.75973105495
2442,228169.96759649148
616,117637.66008717642
2680,74208.01462187522
1414,130077.61700663525
289,147587.64439981943
40,253997.5745754275
860,128065.8388787467
409,128475.0462563057
673,141826.98233414462
2427,176335.3890411466
2036,234333.65246600047
2564,145167.64800684332
642,130850.91960688862
1008,174705.06473197797
1908,33787.78186709378
2519,206959.26798707727
1369,101034.47027321425
2855,166099.35229176132
712,100014.69015878503
1943,105315.76218502327
1958,115783.78150570445
107,155238.77097916533
2295,174090.22309057278
704,99112.47321611735
676,167548.98789705551
259,182924.13599555133
93,281147.32172416337
106,237970.19221156722
2315,181988.02202190776
1050,109713.70089422209
1095,195323.2816047749
2709,147485.59579812837
758,123276.2817225376
1496,149447.84945386532
2370,123923.63975201925
2458,288926.94013972935
2733,126269.97004271386
161,222190.73310246266
726,160821.00826014465
845,199588.66931307892
947,238619.78804922395
2232,117677.09675563482
2563,144013.40456565915
2299,132121.59766023455
211,88765.60495370453
605,132916.0993067455
1478,194649.34146118932
2247,294740.06314355804
2274,174411.97761678614
2869,212550.86554142772
967,209133.91164000792
2656,122261.86459608587
667,175268.5392672946
1042,106379.49482117857
2023,146880.30039555754
2447,398076.1652389726
2055,143599.22853330994
2275,280235.22073955997
2204,181680.2718301353
1563,278084.0124296252
483,207001.79649607182
796,121825.86555406614
1526,171299.04016611658
2042,116753.47014075756
442,354379.2669693823
1693,313284.7794637938
1468,210821.2678147885
1430,204044.26782683903
2605,117174.89839950905
1529,219245.55567280186
335,148209.57291531216
1287,120782.49664276688
31,100951.45030374386
1785,333068.9054205705
82,157019.94935975104
2620,111196.40807209017
252,179121.57217198797
721,56464.160663864524
2165,179965.77011644503
2316,196764.95885223898
775,133690.27608811422
1558,71220.24527210426
17,235660.28335089458
1022,197123.81299197624
925,135115.31833831398
438,274797.8463229112
1270,148593.3645789713
1272,133531.27622438894
215,114423.78429587976
266,230565.72232316877
2402,280716.8878795626
1250,126270.19587615259
1984,118064.60739897024
1279,150175.4332509859
377,244348.68135226934
1252,105795.98344195719
2156,254137.60628102763
499,321319.5232499549
1374,135630.7362720941
2898,251993.85323422935
401,123840.31866545329
2721,145282.8299525043
2078,233155.7266554117
2589,130139.43658342163
1946,247006.78769157222
1334,131531.73088529948
2781,223365.90259616708
431,377090.80922644876
576,200994.79431264245
1474,210647.26574249522
2254,143974.8183940306
2155,279000.54316646594
885,108963.50876898361
643,148689.33660324526
1944,129157.9424840889
480,185685.4096299889
2845,100923.86676531254
2387,318321.46427399985
2407,199769.4973066489
2527,162381.3154688292
2514,142084.7892461724
629,116781.30588278105
80,201169.23755489304
1876,137559.0448352484
1546,124785.33745897318
2518,166748.5894526953
2347,154222.6026709651
783,228756.13494953202
1322,52567.17723612026
194,87194.20405436246
1770,295576.3805979679
2143,100372.64145357696
1229,220636.6168863384
511,292358.502641498
46,217156.20643460663
1348,141584.84512633173
2465,197618.09393923247
387,227760.3207992941
873,218685.59790370986
1918,126960.06058572489
2764,227050.90762018473
2184,123585.65360476817
934,134308.3435116981
1920,129577.44223467339
2631,141772.98909551138
1768,618632.5268906212
2040,124237.29504364089
1749,209974.20519499533
834,237869.45466811833
1457,227641.44584257324
79,114388.13226089044
2302,134949.62797056133
1817,148244.62153769034
2755,229231.73106671104
359,175452.0841928044
2059,112963.138394384
2092,240731.4092450351
2516,218118.39132354973
150,123398.355980263
1656,121559.85557129969
83,89789.17249602362
2411,172271.9323407538
795,77644.62212340377
2312,218256.09219700194
2917,99113.10076658659
1624,168846.3933186506
2215,343208.9940729032
1211,141813.97479741168
1485,150014.78653297847
1024,160778.4401743756
570,207599.1864081513
2874,152009.43583940453
700,119282.76023714834
2756,211249.7016728357
2022,174104.56901358024
583,237817.18825829533
2392,417095.5451524278
2424,170065.37548713174
212,102496.69875295875
736,128930.92355113894
1610,171612.28445101375
890,114421.35070800151
467,182967.9623204763
578,202782.64599748963
1747,188895.75323008225
1149,147436.82625503372
2758,256813.56486343825
857,143432.64772662972
2219,267261.162403884
733,92762.3871911296
2909,102597.30420224667
1798,259758.2110758598
235,121712.59997605183
2366,124782.32191669967
1027,136124.36243664267
1195,135756.37867451378
1303,60730.32360999851
148,185734.25111510276
608,151502.07560625096
2515,192781.70528455038
821,276997.9120748033
2500,252621.87109579373
745,111431.63920559753
741,129308.60405455618
1611,58155.62228304851
2532,130985.93171063582
1081,236390.6450553437
1692,475957.39877747686
2520,177135.47733349795
276,103013.3225273246
1992,115795.67066001703
663,65937.68145815261
418,126299.38283435297
1733,189035.8261556063
2359,153419.68871524517
253,181757.1999103908
1518,171200.5195074662
2035,123684.88128986821
2919,81196.07813374962
1540,267735.9935668387
2120,145784.32252500858
1674,173929.6862174349
256,155867.37587883908
2361,130110.39528304033
978,78158.54734756706
2280,146400.68959991398
2095,215060.89304792503
1709,337150.02447887935
2801,261554.28635032353
1246,117137.10540577467
2373,94374.39619920164
1055,303236.3543407043
2017,127803.63452441245
1099,245063.7247252059
1344,87303.70487801438
835,188592.10418787057
1117,224361.7346281565
2043,84689.13670709157
2085,143625.5359896568
410,151567.7020799968
2650,118057.95396879812
2867,179459.78987191254
1668,116160.98229231873
1161,161695.52455854576
2122,170569.40598706758
2539,156036.07743692858
1047,136454.38073425647
1445,126996.2745306713
541,136073.82312831644
569,230308.52730227268
1276,108242.04017306858
918,145916.52597838518
326,175246.2722429077
1936,131228.29601006582
895,94281.11110438373
257,149175.90272248452
1241,173068.18055453894
1545,128835.5016620131
1189,159497.9707123648
270,133936.47233009382
2066,169943.2183734254
693,111914.90294631809
1259,114036.03035501711
2916,155888.16338239764
2321,285427.1640829193
1977,76813.0569867488
1895,151953.32838741306
1240,167918.59687741566
85,150043.1960334573
1823,116137.84915770857
825,303932.12407822517
110,230594.0863303509
697,115950.27403455401
2297,126035.756751353
1231,135921.02205948898
1355,139930.71057297415
968,342370.2477409554
584,203824.23928840068
1315,113862.4091509966
1606,147711.46776974082
206,104009.00569828531
1685,382006.8161616115
2016,132743.73888641412
869,201344.8696542015
2135,122960.29656983286
2346,176902.79965453682
2430,229945.0940344447
2198,51706.15742172882
2652,119931.13975518006
27,116919.56683782766
241,161816.32383956536
906,126028.32872418864
1506,115977.1447286773
2098,410783.09819963825
1435,217512.13680423558
2213,143825.08544904966
1274,131627.542603531
743,36170.72727193079
1737,189673.68084813777
2797,271803.539993901
2185,69319.18286021387
58,167650.3958086716
830,200771.2743442169
808,114125.27413641522
680,150043.3323843775
1153,105845.61693894045
1291,114389.36099415357
1818,131149.09853277323
2161,179837.7998804665
1883,121054.98266051032
350,354479.9441459637
2473,144564.14338606686
295,185066.76763660912
293,173741.307186795
859,131716.45014551675
288,67755.84333819718
1578,168051.73025869942
102,177680.65216940877
2831,131248.8330874306
1030,155972.27842592954
2551,155709.4927898054
1286,146431.58416050833
958,326267.6528091725
776,139789.04863703478
72,255440.3127620012
2263,251509.0046926079
1866,165080.07008746016
2876,80368.53971383678
2146,241238.04640356606
103,166707.12213505886
1500,131328.71972252903
492,175836.75455925424
167,155615.5160556381
2597,120320.07998379812
2685,110896.93561531472
1035,165018.0421931182
1220,71550.61914042254
2602,178958.91278647564
2159,202470.26395012686
695,137795.95641297058
1109,270183.5195306088
640,168672.51708955903
1652,149368.37825126966
2090,204215.82346291468
1188,174604.2132815845
2345,248670.2199391274
1059,436068.8331543794
2751,234527.9017697462
128,224893.6562523417
1523,182938.31459874785
2925,186276.4180798572
2145,296287.4301257096
1121,218117.70048973916
566,250530.29632003835
565,246098.70547648575
1331,145547.58612850035
2928,132049.6341847505
156,141545.9446577762
797,134810.0159722962
327,92212.4689874972
2859,146167.6188496271
1453,124464.5022152041
1762,344750.7105329247
1868,203879.96697331293
1760,182902.88689002805
1113,226597.58118605608
1812,185945.50076965007
117,154082.09449988115
1142,200206.97308336658
2342,444461.2775479959
927,143785.92161345138
2478,181814.11668183524
655,92383.2896252463
2064,127841.66830553197
369,262895.40543985006
2239,118415.27490069858
2732,204119.14545682503
1653,159145.05339146106
959,207436.1680369673
2395,348927.0365704671
1412,117479.97487309927
271,245471.5758133576
1484,136596.79000414265
1497,163330.36523092168
552,132868.4699949381
2,114124.38428991956
1855,246705.38765147963
4,242778.05585003886
2292,145505.43706240272
134,138843.5129111343
646,98231.41315269764
42,292845.6295054042
532,213298.01755052406
713,89018.9119092491
2561,139979.44723686116
2360,132379.9017008611
1333,123020.67062946563
1407,270965.0190154644
2892,320238.39683074434
574,203566.22493306774
1227,164182.65717912046
2591,228003.816937376
1476,214902.4529035776
1125,247654.25722104375
1446,148905.38554950012
408,124404.47515305203
1101,288660.1113943964
2251,187321.52542652376
373,171177.172036508
2554,131884.35455531464
2382,262235.26823186676
1985,88098.07950667792
519,234461.38434896752
1093,195226.8142947117
864,238878.9748241173
2889,150950.50981092936
2308,167319.62440610048
986,187272.94014600103
1302,141316.5489340084
585,158849.38644071633
2708,152061.66755820828
147,132505.1850734823
1441,221462.39249076537
383,212280.2181843903
285,139243.22635954575
181,109328.41247214597
358,191902.82831800534
780,165524.47493341728
258,190095.67060854874
1865,215406.5198431414
692,119413.99657410041
2902,364001.46452622087
508,270596.9273613897
2638,159603.95119004816
36,144254.686374337
611,169263.77955538259
2281,145092.6666173882
1678,118467.33936682144
1696,494621.9886622517
1557,41065.28629900165
2180,168508.69319922687
1726,205077.72230043708
951,153155.8324030974
267,217776.95314273264
2706,142751.06644475914
2221,270217.35081779247
1357,176486.88793361565
2901,334183.42578453367
347,175384.5463755367
2164,188029.8204616974
1586,326657.08257003844
360,152349.61095725826
1769,270570.71306507115
2617,141458.5138406031
1879,148091.20790647386
991,254979.55264206452
1535,127067.3603768535
1191,143786.6161566628
1579,202556.08520084564
1882,167758.40398318152
1510,135909.3297258722
2196,122503.95214803444
1845,174256.48233796677
2336,396293.3860725411
942,86527.22004214741
861,132660.74705231987
2555,131101.98427444068
1392,159665.59206566928
2099,254041.31057711906
1543,124095.32370595344
948,319516.30374964816
1239,172321.50023855586
22,177761.4523152865
2796,242334.75095004844
2747,171565.4312599573
92,279683.0254439575
210,169130.60743007582
1858,205923.65691757476
2228,158596.34466312983
447,230714.1996324667
827,251260.4435849282
1649,216573.61620319443
682,144075.09873617368
2698,103445.11119371373
494,170385.48852242954
214,66359.94828789224
2441,239292.92920974406
2679,110881.50514788428
1336,112012.90189901185
465,169838.95594651878
1524,134660.29189592676
2543,109169.60314455333
631,140385.27916388965
2452,304076.5506232015
228,153092.5794879115
126,189168.42545420188
1092,233140.99186595815
1122,211421.7130175665
932,234372.91865679194
1980,71977.06576882918
2171,108454.2474371887
551,153416.04163106004
2768,150038.21360960611
2056,116451.4128530666
1159,346715.3418509807
2645,115255.27292642885
1174,165710.53994777036
2266,199594.1299729745
2462,412014.85818440566
1219,145601.2091892034
2922,160228.9432819391
118,138423.74970412705
474,160863.12516094465
2576,145013.6522200538
872,276674.0516084218
1077,202397.81348857548
1536,139233.67873284232
1150,117220.45141922492
2341,320796.42301430844
1931,178336.8427396582
2785,134607.99683112794
2538,131548.75724511652
597,202676.0839321423
464,172280.2552429053
233,270116.0766979297
2169,130270.1115035796
2123,169313.2174659933
1867,174375.32931709153
137,237259.76370083395
515,251095.46748648226
933,117710.74510670625
2784,168725.66089144044
972,157088.8419577569
599,176613.09155039076
2614,125635.56864240604
2582,143880.17843848802
1409,163621.17607406317
175,85062.34669705419
352,211135.7511576299
976,88170.67561212128
2134,190447.2050416219
984,125878.98075660593
2396,357290.48170174134
1673,147531.20193886678
404,120775.67307606422
607,152201.44750291208
814,139981.76113774756
868,178960.60079739228
2271,196547.0576109869
1633,224767.3550415334
337,151384.21372885242
2765,183293.38971427374
1746,246829.11114267816
368,337849.78203181655
2806,212410.4095581053
1662,201651.4090238161
1234,206321.0202734361
1373,130054.63414156363
1672,115481.20872313544
1939,115974.33830443541
